Indent	Cycle	Max.	Plastic	Max.				Contact	Plastic	Elastic	Fit
		Depth	Depth	Load	Hardness	Er	ERP	Compliance	Work	Work	MSE
		(nm)	(nm)	(mN)	(GPa)	(GPa)		(nm/mN)	(nJ)	(nJ)
1	1	478.933862	368.380332	88.588600	14.596282	209.085108	0.300107	1.663924	2.884918	16.392742	0.281660
1	2	950.873360	764.353596	229.079758	10.867075	171.953289	0.244023	1.085618	11.211466	81.501872	0.795542
1	3	1365.686161	1093.643963	425.866058	7.130827	130.213451	0.248748	0.851730	2.344222	217.327316	1.036257
1	4	1493.251585	1196.089651	500.249939	5.808464	116.604863	0.248445	0.792036	159.181644	122.073278	1.242715
2	1	482.743799	373.351283	82.980324	13.330916	195.440968	0.293002	1.757726	2.575622	15.636981	0.273907
2	2	935.245004	748.463904	227.148865	11.239661	173.894009	0.249553	1.096380	5.079713	79.644316	0.857462
2	3	1387.412784	1136.990763	414.618439	5.949133	127.486528	0.220250	0.805309	17.978026	211.515506	1.019567
2	4	1515.730490	1237.200664	500.249939	5.014817	115.593933	0.225129	0.742375	156.976148	119.009477	1.249290
3	1	478.072161	367.832150	83.609863	13.814884	198.174966	0.299702	1.758006	2.471784	15.502511	0.197694
3	2	945.950516	788.111982	196.735580	8.752007	168.992682	0.200274	1.069717	13.902545	67.470557	0.546222
3	3	1384.515533	1149.481030	379.410431	5.206005	121.551683	0.204470	0.825964	2.700850	192.098394	0.909669
3	4	1607.335416	1335.797250	500.249969	3.543687	99.672655	0.203278	0.723740	176.924184	117.826920	1.226009
4	1	479.528959	374.721432	84.901398	13.546103	207.997350	0.279695	1.645949	2.355521	15.763477	0.316098
4	2	935.954487	784.046089	219.868179	9.890294	197.328439	0.193749	0.921209	9.421140	75.003122	0.647348
4	3	1369.970349	1147.900566	414.542328	5.720336	140.958540	0.193457	0.714265	9.722417	205.214339	1.538207
4	4	1544.316873	1299.067010	500.249939	4.028509	117.663723	0.188789	0.653673	180.585638	108.121811	1.585912
5	1	484.307592	370.510379	91.889900	14.976096	209.549796	0.307136	1.651211	3.196144	17.485070	0.314585
5	2	932.953370	746.085831	226.694397	11.287650	174.009900	0.250464	1.099086	9.007957	79.148465	0.605159
5	3	1373.045020	1124.425316	396.678345	5.953060	125.643345	0.221108	0.835672	21.342803	199.614131	1.301107
5	4	1605.723271	1330.055350	500.249969	3.615062	99.163274	0.207260	0.734747	188.149534	122.595446	1.601115
6	1	485.245254	378.555140	81.655319	12.782712	194.654851	0.281835	1.742121	3.829280	15.151139	0.253688
6	2	993.396404	838.342152	205.199799	7.925577	167.188300	0.184953	1.007501	15.399438	73.599506	0.634950
6	3	1417.421438	1211.630017	344.602631	3.784756	112.807160	0.169847	0.796246	25.343189	174.356267	0.951372
6	4	1712.764959	1455.300013	500.249939	2.364374	85.865593	0.176915	0.686230	194.339965	112.126309	3.039197
7	1	479.819723	365.771847	87.430763	14.601096	201.383240	0.311801	1.739249	2.297634	16.460720	0.208215
7	2	936.466131	721.463162	228.656265	12.140362	157.524671	0.298010	1.253719	5.671339	82.762372	0.495051
7	3	1371.652791	1108.569316	399.342682	6.341473	122.958919	0.237318	0.878388	20.819633	203.319346	1.079457
7	4	1569.837086	1276.521686	500.249939	4.361524	102.367816	0.229777	0.781784	175.972631	122.294308	2.070386
8	1	482.032967	387.976662	83.003120	12.416168	219.401077	0.242428	1.510888	2.949399	14.957065	0.278846
8	2	936.169086	775.272366	220.117767	10.140039	188.749510	0.207536	0.974610	8.411472	75.254484	0.650318
8	3	1361.812993	1119.130662	421.068787	6.439594	137.928261	0.216849	0.768465	4.582417	209.421796	1.340111
8	4	1499.175498	1230.763123	500.249939	5.131256	121.335672	0.218086	0.715409	165.630451	111.449307	1.423000
9	1	479.087472	364.570732	88.418198	14.858747	203.459799	0.314114	1.726895	2.782957	16.562249	0.175623
9	2	934.599392	739.858458	233.428894	11.814526	173.346022	0.263214	1.112350	5.863362	82.877036	0.618035
9	3	1376.610083	1103.356529	414.495117	6.705241	124.018582	0.247657	0.878992	14.587191	213.554656	1.015618
9	4	1565.226687	1255.069851	500.249939	4.705924	100.558850	0.247123	0.826672	176.786250	130.636184	1.638710
10	1	480.255089	362.909533	87.762177	14.877590	197.942477	0.323347	1.782781	2.830822	16.535072	0.214363
10	2	929.391870	735.390514	236.900375	12.131102	177.629014	0.263807	1.091887	4.920212	83.336008	0.707566
10	3	1366.633052	1130.999629	407.098053	5.967664	134.462284	0.208341	0.771750	20.395907	202.477637	1.145126
10	4	1522.257508	1262.100377	500.249939	4.589965	118.399029	0.206130	0.693406	166.970735	110.283917	1.575036
11	1	478.354325	365.046041	88.575142	14.848226	205.739279	0.310395	1.705645	2.882574	16.753792	0.244974
11	2	925.579750	726.292730	242.740906	12.727944	179.290492	0.274389	1.094649	4.598358	85.163664	0.521750
11	3	1397.462309	1144.778297	407.670135	5.688726	122.509528	0.220727	0.826433	34.858995	209.710421	1.018368
11	4	1583.662230	1304.747755	500.249939	3.949010	102.435914	0.213769	0.743400	182.416221	118.585426	1.366181
12	1	478.900395	365.670359	85.229782	14.241042	197.783747	0.309651	1.771369	2.394030	15.889146	0.237188
12	2	937.348502	777.259933	212.658508	9.743913	182.781996	0.205965	1.003729	12.009665	72.855160	0.652176
12	3	1379.026496	1142.352428	399.986755	5.630173	128.889832	0.207181	0.788940	11.433399	201.061577	1.055142
12	4	1569.871466	1308.789627	500.249939	3.893486	108.660528	0.199483	0.695870	175.394794	117.003039	1.578517
13	1	484.721111	373.581267	85.391960	13.702491	197.844568	0.297498	1.735368	4.330464	16.324016	0.239412
13	2	941.938740	755.334746	218.936157	10.638267	166.248954	0.247048	1.136429	8.677790	77.189347	0.771910
13	3	1374.179952	1125.726903	406.523590	6.072530	128.549099	0.220705	0.814887	7.069974	206.200166	1.162998
13	4	1591.968283	1314.607319	500.249939	3.815055	101.247490	0.210984	0.739260	189.884386	120.915534	1.294891
14	1	489.830045	385.663874	78.830078	11.922320	189.184405	0.270096	1.761868	4.311374	14.692340	0.245978
14	2	944.629325	788.111249	204.692505	9.105998	177.311091	0.198599	1.019533	9.065246	70.201206	0.624567
14	3	1392.842002	1167.804624	380.225830	4.885739	123.116690	0.192701	0.789136	13.298867	191.886548	0.866417
14	4	1633.634164	1361.345895	500.249939	3.244455	95.108899	0.200014	0.725739	181.621740	121.703276	1.316244
15	1	477.489155	361.821535	92.559036	15.781120	212.398862	0.319681	1.666218	3.171761	17.538864	0.213554
15	2	929.983868	734.075219	238.651733	12.262792	177.504363	0.266878	1.094530	7.474521	83.919208	0.599896
15	3	1377.703827	1124.547004	398.038269	5.970875	123.787678	0.225119	0.848015	26.087142	201.543747	1.083258
15	4	1699.877174	1439.807029	500.249939	2.488715	87.211999	0.180628	0.693174	241.648340	112.379326	1.446851
16	1	486.540994	376.658316	81.991341	12.956183	190.668502	0.291730	1.786899	3.045499	15.488368	0.209394
16	2	939.662449	766.153501	220.068085	10.389430	177.148785	0.226468	1.051244	6.450214	76.840750	0.498568
16	3	1376.845547	1137.759958	415.094421	5.939603	133.500966	0.210137	0.767972	10.705532	208.654754	0.993537
16	4	1543.689692	1281.575593	500.249969	4.284374	113.535712	0.204525	0.698622	173.241785	117.080570	1.133672
17	1	478.240897	368.745594	84.079559	13.827384	200.172956	0.296940	1.736376	3.323768	15.664954	0.201962
17	2	931.741196	730.990865	230.514023	11.940195	167.990137	0.274628	1.161175	6.835047	81.133097	0.470104
17	3	1393.897873	1141.961969	406.756500	5.733467	123.217251	0.220617	0.825837	23.103446	208.210432	1.080770
17	4	1596.092150	1320.943361	500.249939	3.731596	100.938981	0.208297	0.733364	187.096319	116.097641	1.369650
18	1	483.716753	378.141164	74.335739	11.660624	179.259378	0.279196	1.893671	3.571823	13.705650	0.231173
18	2	944.163235	781.248321	198.266754	8.986760	166.552576	0.208532	1.095594	6.547843	68.801563	0.542678
18	3	1388.533785	1149.542308	384.015991	5.268044	120.976937	0.207901	0.829797	6.660981	194.486067	1.034322
18	4	1642.933822	1368.540704	500.249939	3.165338	93.221483	0.200501	0.731349	195.211218	116.605204	1.067458
19	1	483.992317	369.083873	79.427643	13.039706	180.033555	0.311334	1.928941	2.299155	15.001158	0.129723
19	2	946.117758	787.769210	193.117645	8.599120	165.428204	0.201009	1.093279	10.214236	66.967245	0.495130
19	3	1404.588404	1196.949646	357.017609	4.132629	118.914622	0.173473	0.775457	20.208967	177.733933	0.961755
19	4	1700.808196	1450.353879	500.249939	2.403280	88.992381	0.172685	0.667544	203.592160	106.431599	1.573804
20	1	482.206583	355.622074	82.132622	14.476932	175.106075	0.355952	2.054961	1.748342	15.911742	0.107316
20	2	929.467317	735.845572	230.694321	11.799280	173.211905	0.263128	1.119067	3.014741	81.326831	0.559869
20	3	1378.693034	1116.481798	452.363525	6.983839	137.792401	0.234855	0.772863	7.948870	232.060679	1.031588
20	4	1451.119598	1173.997452	500.249939	6.286912	130.084825	0.236050	0.738623	154.837441	117.017778	1.206646
21	1	478.102207	371.872088	86.694481	14.031979	211.053805	0.285663	1.633785	3.732654	16.102429	0.272472
21	2	937.495729	768.422418	218.662537	10.260483	180.086722	0.220027	1.030954	12.238677	75.253339	0.564903
21	3	1369.415984	1116.837354	425.526459	6.561193	134.475683	0.226155	0.791423	1.856896	215.222053	1.225713
21	4	1534.759594	1261.869863	500.249939	4.593719	112.920862	0.216258	0.727342	182.785383	114.268122	1.292513
22	1	483.497250	386.827576	83.374496	12.539881	215.010040	0.249904	1.545951	4.599473	15.237021	0.213951
22	2	954.373143	816.045702	202.055801	8.317497	190.506291	0.169509	0.912800	13.621892	68.168216	0.913721
22	3	1390.905724	1202.184327	366.299713	4.161347	132.984114	0.156982	0.686947	14.739128	178.200578	1.313575
22	4	1692.767556	1467.063947	500.249939	2.274711	96.073548	0.153847	0.601576	213.380346	100.933554	1.765805
23	1	483.471404	377.633957	78.578102	12.356994	189.257671	0.280265	1.795877	2.701062	14.761963	0.212014
23	2	975.149590	836.063166	165.677979	6.441384	150.981208	0.166359	1.119331	22.274270	57.548432	0.610167
23	3	1407.817925	1206.992326	328.002930	3.662706	110.944687	0.166385	0.816357	6.229432	162.803762	0.968981
23	4	1883.712677	1663.878159	471.323273	1.161472	68.415370	0.132122	0.621893	262.044503	94.063968	1.708218
24	1	478.984932	364.116797	82.722458	13.934629	189.996460	0.315471	1.851462	2.689409	15.599540	0.209742
24	2	945.631048	773.682687	224.000946	10.363292	180.119788	0.222247	1.023498	8.471998	78.131091	0.641851
24	3	1374.009543	1133.695212	422.977844	6.141005	136.327829	0.211974	0.757532	6.304634	212.344356	1.220261
24	4	1517.962377	1254.164238	500.249939	4.721086	118.420912	0.210338	0.703110	169.132932	114.784985	1.488045
25	1	476.917933	350.202740	92.657921	16.826788	200.308262	0.361834	1.823412	2.602418	17.882672	0.147777
25	2	930.467318	735.581111	237.566986	12.159187	177.275971	0.264942	1.093790	9.118020	83.843472	0.586486
25	3	1375.367154	1126.212537	419.979095	6.262656	132.315236	0.221232	0.791006	23.469275	212.309257	1.196757
25	4	1508.215324	1234.863161	500.249939	5.056774	118.275133	0.221362	0.728575	163.902658	114.554336	1.409087
26	1	486.825370	371.553974	94.115341	15.257661	211.318879	0.310241	1.633051	3.925477	17.953787	0.278835
26	2	947.002859	769.342258	221.135620	10.350938	173.106647	0.230925	1.071201	15.991957	77.767983	0.648481
26	3	1385.648319	1154.571444	383.570465	5.168017	123.855053	0.200141	0.803249	20.174416	192.195875	0.952475
26	4	1655.982578	1399.573457	500.249908	2.847981	94.626815	0.183205	0.683416	207.663409	108.034217	1.480465
27	1	475.153750	353.684404	100.437576	17.891786	224.333399	0.343440	1.612535	3.341438	18.877236	0.259484
27	2	939.060161	742.903146	231.826904	11.640161	170.232796	0.264041	1.128181	14.696042	82.407174	0.543584
27	3	1370.790840	1101.012951	433.659973	7.073925	131.972728	0.245027	0.829461	7.418021	221.471627	0.913319
27	4	1510.185121	1225.303248	500.249969	5.232223	115.440316	0.232499	0.759305	170.199065	120.654316	1.038798
28	1	490.101644	390.917083	70.734543	10.435620	176.082622	0.253723	1.869611	3.699061	13.201859	0.261903
28	2	953.246671	790.881615	182.595276	8.061536	151.896146	0.205296	1.185610	7.202375	63.809015	0.643753
28	3	1449.486121	1237.952692	295.918335	2.958531	89.914691	0.170874	0.953116	34.980937	152.753278	0.781822
28	4	1875.853893	1609.853230	437.711243	1.267909	56.929952	0.165233	0.810277	212.781684	101.679731	1.008383
29	1	484.130117	375.093880	81.964478	13.053192	192.835067	0.290691	1.773715	3.728550	15.496439	0.151544
29	2	938.180270	762.640333	214.349747	10.214951	171.352071	0.230174	1.091922	7.913691	75.048149	0.602303
29	3	1387.562098	1139.380300	391.854553	5.574663	121.056328	0.217822	0.844469	13.846035	200.299314	1.009059
29	4	1656.760268	1385.973188	500.249908	2.982440	91.693191	0.195377	0.721738	204.317960	118.601419	1.530889
30	1	485.449535	378.430464	81.165176	12.713784	192.950882	0.282797	1.758046	4.321350	15.330771	0.210816
30	2	944.910225	778.323450	206.199097	9.420775	170.071620	0.214033	1.077190	7.037771	71.370939	0.541978
30	3	1380.880649	1133.610750	394.114777	5.723684	123.470610	0.218126	0.836541	3.489424	199.497391	1.101136
30	4	1573.426178	1287.878854	500.249939	4.190202	103.066749	0.221719	0.761079	171.844007	119.268166	1.566858
31	1	480.821937	378.988329	86.193878	13.464490	215.044185	0.268699	1.575264	3.674464	15.751405	0.272528
31	2	936.608274	771.693249	225.666153	10.496445	189.705432	0.213705	0.974389	7.260778	77.684339	0.687278
31	3	1371.954712	1140.220940	422.266632	5.989280	139.500900	0.203236	0.731714	8.854542	210.264841	1.300334
31	4	1557.248318	1306.698937	500.249939	3.922099	113.643640	0.191742	0.667798	195.354045	105.213460	1.453877
32	1	480.168832	350.469518	104.144600	18.884700	219.796821	0.370073	1.660503	3.562386	20.281139	0.197123
32	2	933.643931	755.915414	230.328552	11.174609	183.492620	0.235117	1.028841	16.507628	79.952962	0.542071
32	3	1387.089762	1175.880365	385.581726	4.813225	131.113905	0.179618	0.730358	26.575392	191.264861	1.253021
32	4	1603.830524	1355.362036	500.249939	3.311937	105.304986	0.183323	0.662252	188.174230	103.919137	1.560811
33	1	477.017623	364.782192	90.741783	15.232390	212.933192	0.307678	1.649155	3.142019	16.733967	0.262039
33	2	938.381959	768.690394	222.794907	10.446874	182.755816	0.220754	1.015532	10.288217	76.990151	0.657288
33	3	1386.555381	1174.928053	384.886200	4.820968	130.842015	0.180119	0.733125	22.449692	190.005689	1.257235
33	4	1593.310273	1338.019827	500.249939	3.516478	105.608426	0.190797	0.680434	177.302261	107.702619	1.569326
34	1	472.371796	342.060941	113.174942	21.525287	243.475176	0.380958	1.535214	3.412108	21.651729	0.304367
34	2	919.177361	707.979797	261.095612	14.352931	186.323161	0.298310	1.078520	12.873841	92.479842	0.476191
34	3	1356.696393	1091.507283	448.068115	7.559608	141.075508	0.242957	0.789133	22.243809	226.702597	1.053984
34	4	1445.207464	1173.429072	500.249939	6.299731	132.777736	0.231610	0.724380	158.776610	115.496964	1.416645
35	1	473.709184	360.617308	103.973000	17.840778	244.805651	0.313606	1.450272	3.371806	19.379125	0.303191
35	2	924.918281	730.782864	272.587311	14.127156	205.475993	0.265654	0.949594	8.258502	95.179149	0.693159
35	3	1362.040693	1110.726762	457.565186	7.210455	146.918644	0.226261	0.732322	32.537658	229.627080	1.294479
35	4	1435.797240	1171.522372	500.249939	6.342925	137.014996	0.225582	0.704381	160.150963	108.672602	1.376195
36	1	493.305343	371.142558	99.128357	16.103943	210.238289	0.329153	1.643160	4.436879	19.269469	0.290754
36	2	937.701578	740.881632	233.176636	11.770169	171.100160	0.265656	1.125441	10.966175	82.760151	0.645227
36	3	1380.365661	1129.530645	396.359680	5.840823	123.304593	0.222070	0.843796	22.212505	202.689065	1.266928
36	4	1577.547171	1287.659982	500.249939	4.193434	101.562899	0.225127	0.772646	170.988497	126.300639	2.343787
37	1	474.054785	355.651068	102.289238	18.026952	233.129083	0.332921	1.543384	3.442621	19.144130	0.322172
37	2	932.516949	747.991175	238.735443	11.827710	185.113210	0.246695	1.030573	13.292502	83.993234	0.457344
37	3	1367.964967	1115.716638	432.198486	6.690740	137.036444	0.226086	0.778187	14.884769	218.545142	1.140173
37	4	1496.824658	1224.890578	500.249939	5.239937	121.025979	0.222007	0.724795	167.381003	116.638834	1.010085
38	1	481.628562	356.049021	91.810020	16.145202	197.075915	0.352703	1.823759	2.535340	17.814635	0.202915
38	2	948.420868	773.384657	202.765945	9.388408	160.232733	0.226325	1.150990	17.754451	70.978092	0.772861
38	3	1381.207692	1141.920839	384.655487	5.422739	122.690837	0.209548	0.829441	7.944065	194.071720	1.857549
38	4	1573.110457	1311.279043	500.249939	3.859712	107.878491	0.199676	0.697868	163.807613	120.641735	1.508549
39	1	475.681368	368.059759	98.420998	16.243080	238.816460	0.292403	1.457976	3.346273	18.181677	0.341095
39	2	926.227665	735.159878	251.963974	12.910242	191.882163	0.259900	1.011085	10.821398	87.832414	0.593195
39	3	1377.803382	1133.743683	418.610626	6.076546	132.838245	0.215269	0.777364	35.757646	211.299488	1.238021
39	4	1536.937831	1267.105725	500.249939	4.509262	113.145769	0.212952	0.719193	177.544289	111.552394	1.217944
40	1	479.398665	374.485190	83.413620	13.324472	204.266842	0.280154	1.677000	3.448711	15.544480	0.274864
40	2	962.549358	808.747151	201.903381	8.483420	172.973816	0.190173	1.015682	18.788928	70.422678	0.611668
40	3	1396.712320	1177.895683	386.918732	4.795158	126.536747	0.185769	0.754049	8.613755	194.110123	1.500770
40	4	1605.932071	1340.626022	500.249939	3.484866	101.163781	0.197897	0.707129	179.625123	112.254575	2.155168
41	1	510.074369	392.220757	103.301399	15.147916	215.760686	0.300478	1.521162	7.263058	20.530938	0.368771
41	2	924.680395	733.186509	246.164917	12.678185	187.530698	0.261180	1.037212	9.009975	85.519809	0.605792
41	3	1365.537763	1110.322514	434.230774	6.852598	137.393745	0.229857	0.783655	18.943390	218.346471	1.123575
41	4	1486.552771	1205.017619	500.249939	5.625748	121.125811	0.233636	0.750385	162.424627	117.292727	1.195107
42	1	473.305321	350.223870	106.321518	19.305840	236.618116	0.351436	1.543513	2.588436	20.240065	0.218149
42	2	932.222665	750.922285	234.133286	11.510343	184.061373	0.241437	1.032463	17.732626	81.580510	0.507288
42	3	1384.537242	1162.069036	386.240631	5.066082	127.815285	0.191441	0.767978	32.308409	192.338433	1.247013
42	4	1599.290474	1339.399464	500.249939	3.499704	103.491240	0.194035	0.692696	182.048822	109.802995	1.325449
43	1	475.225601	359.258224	102.317818	17.684521	235.788224	0.322797	1.511205	3.351568	19.264398	0.244350
43	2	924.982644	735.417996	249.028122	12.751220	191.085789	0.257764	1.014957	9.613719	86.940136	0.620816
43	3	1372.480773	1106.078290	427.667755	6.851715	130.617176	0.240853	0.830559	23.952523	218.616375	1.103360
43	4	1532.513464	1250.108259	500.249939	4.789626	111.418496	0.225905	0.752704	177.903823	120.259269	1.390710
44	1	490.939553	365.454547	90.855659	15.198130	190.355267	0.343367	1.841529	3.772478	17.807016	0.158678
44	2	940.641618	744.760791	225.819885	11.283356	165.650967	0.263012	1.156561	8.080802	80.667948	0.448552
44	3	1379.947579	1127.186915	401.333893	5.963837	124.420512	0.224240	0.839735	18.675044	204.072677	1.005128
44	4	1587.001977	1302.053109	500.249939	3.986506	100.741506	0.218846	0.759484	179.413981	124.209963	1.135632
45	1	475.504625	358.369027	100.632660	17.476378	230.139923	0.326857	1.551989	4.283931	18.791928	0.233663
45	2	949.542426	801.067117	201.106247	8.632705	180.392156	0.185347	0.984390	25.921979	68.964207	0.703498
45	3	1376.749733	1172.141568	390.238678	4.937068	137.899414	0.174559	0.699087	1.613459	190.783751	1.583626
45	4	1542.153978	1298.954936	500.249939	4.030095	118.679296	0.187227	0.648207	166.612351	101.469015	1.890949
46	1	480.687025	365.018161	93.601860	15.693158	212.993627	0.316885	1.647672	3.950883	17.744965	0.163599
46	2	929.904347	744.863660	235.942520	11.785958	183.190939	0.248422	1.045682	8.120211	82.088530	0.539899
46	3	1363.739342	1094.187807	443.784607	7.416548	136.814105	0.246349	0.809857	7.563079	226.355239	0.997191
46	4	1471.881346	1184.998480	500.249969	6.043888	123.206267	0.242096	0.764639	160.131289	123.017554	1.074468
47	1	475.620271	348.800346	96.331284	17.631588	208.894767	0.363589	1.755330	2.422561	18.471804	0.197412
47	2	935.671554	750.434770	230.833099	11.362722	177.725055	0.246839	1.069961	12.188726	80.970014	0.477789
47	3	1373.562598	1112.849253	411.100098	6.429467	126.760427	0.234276	0.845579	15.348261	210.120604	1.054956
47	4	1558.847127	1273.180657	500.249939	4.413344	105.731352	0.224372	0.761397	175.109119	125.191686	1.113862
48	1	474.933425	350.026893	98.581703	17.920116	216.306254	0.356848	1.689381	2.825415	18.796063	0.238617
48	2	933.235101	755.310299	236.667374	11.500585	188.485672	0.235565	1.002390	13.691267	82.605518	0.609929
48	3	1364.977280	1111.491376	435.172546	6.838942	138.342958	0.228059	0.776660	12.645743	219.681464	1.069394
48	4	1491.928480	1216.951575	500.249939	5.390677	121.396074	0.225956	0.732905	167.817898	116.725428	1.275337
49	1	478.697636	374.280130	94.811440	15.160722	233.400977	0.278982	1.468423	2.763656	17.278442	0.323397
49	2	953.105347	770.176937	255.978958	11.955049	194.393756	0.237515	0.952830	11.943815	90.962608	0.987696
49	3	1360.716832	1100.020206	451.602478	7.392623	142.471397	0.236993	0.769694	11.339917	228.334406	1.324767
49	4	1442.133597	1170.364105	500.249939	6.369308	133.513325	0.232209	0.724357	155.583248	115.368163	1.576712
50	1	476.976605	351.547738	87.818382	15.829181	191.077744	0.356790	1.904368	3.378514	16.850094	0.166309
50	2	931.603043	728.468572	226.124786	11.789905	163.392186	0.278851	1.197772	7.307876	80.485355	0.845660
50	3	1367.734546	1103.358445	418.693970	6.773120	129.481046	0.239610	0.841907	9.467340	213.465564	1.218731
50	4	1513.289799	1228.808675	500.249939	5.167163	114.881958	0.231510	0.758237	163.795721	121.651599	1.263006
Mean		1072.400998	853.045857	308.221769	9.889842	149.708233	0.276690	1.175571	45.987363	108.113153	0.873426
Errors		467.603504	396.179231	186.544447	4.861538	34.257338	0.057262	0.521899	78.579340	82.410883	0.507212
